444044 44444404 ’

mc, mc. Ι

4-4 044 m 4444
400 xlv, 10. 29¹1
450 55
44 04444

44405 50, 04

440 xv. . 444
400. 444 454
444 . 44
444 w.
45 , m
444 540
445 0. 4

. 45 , 404
040 . 444
440 40444
400 004
405 . am
440 404·

, 440 , 005
404 . m 2
044 504 1

50404 400 4
455 045 1

· 504 405
554 , 444 1
445 440
040 454
454 400
454 440
040 444 ,
044 xx , , 400 ’
044 . 054
440 44004
454 4404405
400 444
445 44
168 . 554
044 544

5 444
444 54444
440 445404

444445
404 44445
455

Μ
38

181. 880
501

175

819
429

⁵9

68

⁴⁵4

’ἔῗέδεῆεοῗ-ΕἈΒΒ-νέῧιοὲῗδὲἔέῧέῧῇ

, 44,
44
44
44
44
4

⁵0⁹0

 

