519 mm SECUNDUS

389. 386. 3813913811. 398 401. 99. 12⁴1 154. 173. mm 991.
405. 409. 413. 414. 417. 418. 419. 301. 310. 390. 339. 335. 364. aa
491. 495. 431. 434. 435. 436. 437. 366. 381. 498508. 509.
449. 444. 445. 446. 437. 466 499. olemus, 651141. 40. 69.
555. [511 51. 51. 55. 55. 11. 11. enm, 515 sem]
. 135.137.145.161.165. 166. 171. 011111111Ε,994. Suum]
177. 908. 914. 994. 939. 956. 961. ‘ 114,99.474.418.
515. 515. 511. 551. 555. 511. 515 gnam 155 sem]
v 351. 359. 361. 876. 445. 464. 487. {phalam-
551. 551. Sem] ’ Ouidius, 55. 1551515111 111. 115.
]1.1151111111, 914. Sem]
1101411114, 413. P
11111151, 555, .
Lycophmn, 479. 9515111111. 91. 57. 45. 64. 81. 194
155145158193091509. 161. 164. 168169. 170. 173. 176.
mmm „mmmmmmm
¹ 990995. 998. 395. 4011409. w
11 1151. 115. 115 155 151. [m
m.
Πωήιίιιε, 489. ‚ 9515111511, 40 59. 103. 514. [40. a
11151115,5ο11. 115111.1“1111151·,93.134.319. 84. Sem]
453. 484. Pullab, 193.
Ι Μ51151115,69. Senum] thenim, 917.
musssmmin, 55. Puer. 51151. 151. 511. 515. 15. s
· Marinus, 59 scum] 478. ’
..51111155 Faunum 51. 51. 15 51. 115 155 j

Mauricius, 103. 159. 153. 180. 183. 954. 976. m 1
,um-0111, m· ¹ 52⁵· 3115 ³⁴³· ³86· ⁴0& 410. ⁴11·
Mnimm Tyfim, 4699134. 154158. 498. 434. 476. [33. 34. 49. 85. m ]

115. 515. 515555551555115. 55. 115 155 151. 151. 151 151.
155155. [151. Senam] 155. 511. 151. 551. 511 m 551. ·’
Mel-mm, 93. scm] 390.336.341.361.8011111] j
1115155555948319. Sem] 951111, 175.
mdes, 151. 155. 155 155. 555. Perizonius, 115515 1155111111
mmm mmmmmmm
8155111111. 67. 303. 459.
1151111111, 1515115551551. 155155· 951151, 55. 155. ]

178. 194. 453. Phemius, 350.

81551οω11948. Senam] Phadm, 90 183. 310 399.
5551015115, 988. 375. 91151165, 157. 911. Sum]
8115111 Anicia. 310. · fomlam. 851155]
1151111101, Andr. 40. hilm, 313. Sem]
115115, 1155511151, 41. Philippu 1155595801. Sem]
1155150551555155 15, 55. 55. 155. 1151551511.
Mmkm'l'nmffl. mnam, 119. Sem]
¹ Μ1115011,304 487. Ἰοαηωι, 40. 69. 1311139. 198911.
11111005, 4. 136. 318. 918. 964. 381. [143. 979. Μ. 418.
Masculus, 118. 495. sem] “
nummu, 151. sm] 1115511, 51. 55. 55051. sm]
.' Myro, 501. Scuta] kffii‘htgg· 434. eom]
Ν Plato, 15. 55. 5555 115155115
148150157. 158190. 993. m
Noedhsmm, 64. 939. 959. 970. 3111. 313. 391. m
mmm, 309. 349. 353. 389. 397. 399. 4301 M
Noldiun, 980. 499. 430. 430. 475. 478. 505. 509. [159. 159. Sem]
479484488. 491. Ρ1Ιι11114,99. 196. 946. 378. 383. 409.
0 811111551551151.
911110511οι, 11. 13. 9198303946.

01104411οΜ 1510110141, 71. 81. 98. 53. 70. 97. 98. 106. 119. m m.

 

