744 INDEX SECUNDUS AUCTORUM.

Τ Vanum, 97. 77. 906. 967741.
7466196477. .
Tacitus. 77. 167. 970 7161166161, 776 467.
166116116656. 11166161,Ε1141,1011460.
Terentius, 91. 41. 60. 69197. 146916. 1111611161 1611111164 Heium
749486. 707708. --- ,1)οὲῑῆ 91. 96. 191. 1871

7116614664,6οο.[164.7011666ι1.] 191. 998 749. 778. 797. 499. 707.
,7001191001ἒῆ 44. 77. 177. 991. 411. 708. 719717. [8916760611]

477. 1161164506.

Τ11666111111, 96. 99. 76. 77. 70. 119.1’6164111111,667.
197.196.996.970.997.700.707. 7618661161116144 1411166111ςί1, 66-
714. 716. 744. 747. 766. 799. 404. 178. 996. 706777.
461414.[145.11ο6.446414.461.1111611116.

861311] 1111166,146.946.

Theognis, 100107. 191. 976479. 477.

469. [460. 6611311] W

neophrmus, 61. 66. 64 61 11. 16.

79. 97. 98. 99. 109. 110. 114. 119. W 1160, 911.
147.161.169.167.199.901. 917. Wo 111,.1011. (7111601111. 97· 71. 89.
947. 971. 709. 709. 717. 744. 761. 199. 977. 968. 981. 996. 998. 777.
416. 411. 461. 4614965611 606. 646. 6611. 666616 441. 456. 466 1
611. 16766131] , 477467. 494.

. ‘theoph 61,141761141111,67. 1

0661166161. 616.

7766111Μ4311111,105.1911706.770. · ’ X
[116. 976. 997. 416. 479. Setun]

nuqdida, 16141116111161. 1166661161. 111 16 11. 1114646
797079. 78. 61. 67. 64. 89. 119. 47. 70. 79. 81. 84. 86. 197. 170.
197.198.170.178.177.167.170. 147179. 178.167.187.169.190.
177178.179.187.188.190.196 196. 199. 901. 918. 919. 996. 945.
919. 917. 917. 919. 997. 994. 997. 976967. 971. 979. 976. 978. m
977. 977. 960. 967. 970. 978. 710. 980. 984 714. 716. 790. mm
719. 717. 790. 777. 777. 787. 411. 797. 797. 798779. 774. 777. 746.
414. 417. 498. 474. 478. 467. 477. 771. 777. 787. 797. 404. 410. 417.
479. 489. 464. 487. 486. 488. 497. 441. 477. 479. 469. 467. 467. 469.
600. 708. 709. [117. 167. 977. 496. 487. 487. 489. 497. 501 709. 707.
47780771] 707. 708. 709. 717. 714. [77. 106.

. ’111111116699117199 170. 179177. 179. 177.

ΤΤοιιῐω, 411. 156 111. 166. 161. 4164. 661. 165.

s 1611666116, 170 Sem? 971. 719. 761. 777. 476. 1170. 701.
411161οὰ6116, 991 Sem] 861131]

145. 6111. 416. scam] ]
1166144116. 614. 111 1111111111]1 161.

Ι · v ¹z
1414111. zosima, 111164. 116611.

1

 

 

