merom. 041

,1411111149 1949119919 220. 1499111114 119. 149. mmm.
991. 999 999. 4199919919 999. Sem]

919. 999 499Ι 499 499 499. [199. 1499199491.

scm] Eluidonu, 256. Sem]

Herodotus, 11. 9199 19 11. 91. 191. socrum-0. 22. 91. 99. 91. 99191.
111. 119199 191. 111. 191. 199 999. 999. 999 999. 419. 419 491.
mmmmmmm mmmmmm
941. 994. 919 994. 991. 999. 991. 1911199999 99. 99 99199199119.
949. 919. 494. 499. 499 999. [49. 999. 949. 999919941. 494.

49 1ο. 19199. 199. 199199199 1914919119, 91.,
199. 199 141. 199. 199. 191. 1949199991,14.19.99199919

’ 199. 949. 949194. 999 919. 991. [919 snm]

321. 999. 941. 991. 419. 499. 419. 1994114114, 9. 99.
lm.
1199191109191. Κ
‚Hedum 9. 94 99 9944 49. 99 91.
99. 119. 191. 911. 9999991919 1111991114, 22.
911. 914. 999 494 499. 411. 499. 1419414911919999. 999
449. 499. 499. [99199119] 1411119199, 99. 199. 199 499

Hesychius, 9. 19 19. 99 91. 99. 91. 9919191999199 149. 191. 191.
11. 99.119.199199.191.199.149. 911. 999. 999. 999. 999991. 991.
199 199 199. 202. 919. 919 911. 949. 949. 999 999 994 991. 414
mmmmmmm mmm ·
mmmmmmm
891199] 1.

{1211211122111480

1119199499 49 199. 911. 221. 941. tavidus, Diogenen, 94. 44111. 141.
mmmmmmm mmmffimmm,
[171. Sem] genu. .

11994931999.199.941.499.444 1993111199.

. 499 419. 499999 Latmius, (iurgium

Ηωι.9991.99.494961.99 luctaminum
9991.99.1999.94194111.119. 1991194991. · ·
119 199149. 199. 199 199 194 191. lm 9999 199. 1499194119
171. 112. 119199 209. 21⁵. 222. [animantiam Sem]

240. 248. 991. 999 999. 999 991. μιαιιι,1>19199,19119919.991.
919. 919. 991. 991. 999. 999 999. 114411999119141199999. 991.
,999. 919 991. 949. 944 949. 941. 999 999 999. 991. 499. 449 499.
mmmmmmm mmmmmmm
999 999. 999 9949994114 499 949. 919. 999. Sem]

411. 419. 494. 499. 491. 499. 499. 11814199, 91. 99. 94 199.

449 441. 449 441. 499. 499. 499. 1111119199, 99.

499 491. 419. 499 499 499. 991. Lirim, 49 41. 201. 9999994194419.
999 999. 119 919. [119. 199 149. 499 499499. 999.

149. 119. 199991. 999911419 longinus, 9 12. 199. 141. 119119
414 sena] 991.499.[91.991.1.]

11911994, 99 49 991. 944. 999441. hugus, 24. 91. 99. 999 999919991.
499499. 411.[91.94. 1119999419 Sum]

[Hymni uom241.450.501.24w.] 1991919, 9. 11. 19. 99. 91. 99. 49. 9ο.

, 999999999
1³ 1119111111. 111 111
191. 199. 199. 199 119111. 119

14911419999199194 199 199. 199. 199. 199. 201. 999

1914114,1.99.1911.199.119199. 914999999.999991.999. 941.
191. 199 1919199. 999 999 994. 244. 991. 999 999 991. 999. 919
mmmmmmm mmmmmmm
mmmmmmm mmmmmmm
499 491. 999 999. 999. 999. 911. 919 999. 999.

1941194,99.111.149119919. 999. 991. 999. 999 991. 944 999

Mu. 499. . 999 919 999 999. 919 111. 411.

 

