INDEX SECUNDUS

AUCTORUMq

4011111818 74611879 106184. 904. [4868467818082098188489874471
4184881784. 8881804 Sem] 111. Antoninum 88. ss. 104 184 848.

Aelim. 05. . 646. 675. 877680. 886.
8114111818.84.8817.88.88.87.80. Antoninus 11114411, m 4881144

40. 51. 56. 55. 57. 58. 62. 66. 71. 76. . 177. 224. 296. 466. Sem]

. 74. 77. 78. 788488880888. 104 [Am 188. Sem]

111. 117. 121. 124. 126. 164. 186. 187701101101118, 88. 4719. Sem] 1
168. 148. 166. 154. 165. 167. 172. 60000016186Ι2,8οω.] '
176. 174. 176. 177. 184. 185. 189. Apollonius Dyscolun 68881418]
196. 198. 201. 211. 217. 226. 224 8001108111 Rhodius. 24. 29. 55. 84
265. 266. 267. 268. 246. 250. 256. 112115. 118. 144. 152177. 181.
258. 260. 264. 268. 276. 274. 278. 185. 214. 2511. 601. 628695. m
281. 286. 284. 289. 294. 299. 600 404. 407. 456. 467. [120. 129. 421.
801. 804. 808. 807. 818. 818. 817. Sem]

819. 598. 884. 845. 651. 855. 857. Appianas, 59.

888 888. 878. 884. 888. 888 888 1141.. interpres Novi Testamenti, 454
695. 699. 401. 406. 409. 416. 481. Ancus, 625. 626. 827. 407. 420.

487. 440 448. 448. 447. 480. 488 [8181818818. 187. Sem]

457. 461. 469. 469. 470.. 476. 479 Aria Momm, 846. 877. 4
488 488 480. 488 407. 811. [88. 1.1.1.4.81.,81.188[188.8ωι.1
188, 974819 548. 469. Souna] 4781888804, 514.

1818111114 Portus, 579. Adam, 91.

5148111188, 95. 87. 45. 84. 175. 989. minida, 40105. 505. 509. [11. 948.
449. [71. scum] Setun]

[214811710914. 15. 95114. 126. 128. Aristophanes, 7.16.14.16.18.19.20
158. 172. 214. 218. 254. 257. 260. 26. 24. 26. 29. 60 81. 89. 42. 4980.
281. 620. 665. 646. 665. 670. 686. 52. 54. 55. 60. 61. 67. 71. 72. 78. 87.
8861 692. 410. 421. 464. 88. 94. 97. 98. 101. 102. 106. 104.

19881488. 108 111114118. 1181101 140 1

4101011708, 66. 42. 68. 7096. 166862. ι 122. 128. 125. 126. 127128. m
460. 476. 492. [37. 68. 74. 126. 159. 162. 165. 166. 167. 142. 147. 149.

. 179. 256. 257. Solum] 150. 151. 152. 156. 157. 158. 162.
Ammianus, 75. 174175. 179181182186. 187.
&mummius⁸ 78. Sem] 196. 187. 109. mo. 801. 408 sus.

1140118074, 29. 175. 278. 282. 680. 417. 209. 209. 211. 216- 215. 216. 217.
450. 460. 478. 218. 220. 221. 222. 226. 228. m.

4141οοί1188,59.484. 269. 242. 248. 246. 259. 261. 82.

= Anna Fabri. 858. 266. 264. 266. 267. 268. 269. 274. ’
8808780868188781117411111044711. (18180 977. 979. 980. 989. 987. 988. 291.

18 Opust. 11741701. editus, 949. 992. 998. 295. 801. 808. Um. 809.

8041010318, 641. [82. 146. 264. 618. 810. 616. 816. 81408911. 32. 865.

'. 822. 851. 677. 684. 694. 444. 667. 640. 646. 644. 646. 847. 852.

scm] 888. 887. 8818811 888. 778. 878.
1
1

 

