'. 1601011111. 111 =

· 169 111. 190. 106. 161111. 219. 66111001116111111161116101.
290. 995. 949. 979. m. 995. 505. 408. 440. 459. 477. [154. 8611111]
508. 554. 446. 475. 494. [48. 59. [—-· Hermogenis, 518. 8011111]
117. 150155. 156.150.155. 167. -ι-ιΗοωοτὶ, 111. 979. [9. 557.
106. 191. 116. 161. 116. 160111. sum]

446. 601. seur.) — Lucinni, 60161196019610.

Pontinus, 1411861111414. 467. [68. Sem]

Pollux, 1051508189. 908ζ 948. 950. -*-80]1110011“1,196.155.548.454.
2117.[111.sca111.] -91111111

9011111101, 59. 101. 449. 494. 4891ι[48. -- Theocriti, 45. ·195. 404. 495.
70. 155. Sem] 516. [496. scm]

1’01712112110. 11. 11. 16. 61. 91. 100. --· 1110011108. 04. 50. ⁵0. 66.
115. 118. 154. 155. 156. 166. 167. 188- 130· 138· 157. 165. 179. 995.
190. 995. 949. 965. 964. 975. m. 995. 957. 960. 515. 590. 411. 414.
5514584454. 457. 487. [171. 80111111] 475. 605. ·

Porphyrius, 107. 499. [466. swan] sthreveuus. 464.

1661υο11061, 1116111111. seldenus. 445-

Pmelus, 14. Ι189. 8111600,188.

mettius. 595. 8101013110 interpretes 011101 veteris

Pavum, 116161. Tammenti,19.ss1.91.12·1 161

Pseudo-Didymus, 115. 194. 907. 911. 915. 956. 940. 941.

946. 968. 969. 989. 990. 509. 519.
593. 596. 558. 581. 585. 587. 594.
596. 597. 405. 419. 414. 491. 499.
451. 454. 485. 606. Plura 1164111
indice locorum biblicomm.
Servius, 595.
Simeon metaphrasta, 556.
8001111111, 140. ⁴ '¹
Sophocles, 57. 196. 155169. 964. 965
517. 550. 548. 570. 598. 410. 454,
8101101111. 10. 60. 81. 190. 965. 516. 465. 479. 507. [145. 189. 519. 518.-Ι
558. 546. 406. 450. 559. 576. 495. 459. 454. 449. 499,
1111011041 601. Souna]
Quum, 14. spanhemius, 810611. 59. 114. 154. 411.
940. 945. 959. 590. 595. 414. 465.
8 “ Spu-tinum, 14.
· stancius, 148.
Sallustius, 489. [811ἳ1111111151181161111154989. 8011119,
8111011101,·176. 186. 914. 975. 504. step anus, 110111. 54. 56. 64. 147. 17 .
118110111011121 14110111, 4. 177. 414. 915. 919. 457. 554. 461.
8511011119, 999. 555. 485. 486. 508.
saliga, 95. 146. mam 477. [81011000 64. 117. 497. 8611111]
80101111. 54. 87. 459. 811111101ςί01, 449. 465.
80111111ἀὶ111, Erasmus, 79. 81111110, 99. 107. 196. 948. [150. 561.
85018301016491. 174. 184. 410. Sem] . ’
116 1611116601. sunto, 11. Sem] · ·
8080111801 Apollonii Rhodii, 490. uetonius, 159. 485. , ’
[--Αι1111’1111165. 901. Sem] 81111109, 9. 15. 18. 65. 89. 1051101841.

.... 1111161111.. 16. 61. 11. 91. 161. 111. 110.,[11 110. 116. 111.
. 111.115.140.147.157.150.164. 58780111]

111. 116. 161. 161. 116 217. 160 sylhurgius. 1610116111111116. ·
116111. 160. 166. 161. 161 166. 611116. 111.

101. 606. 601. 111. 161. 666. 190. symmachus, 116. ’0
1011111111. 101. vid 9610111101 snaivs, 11111. 161110161901.

Comici. 551. 6691169180111] -
-·-·· 0111101011, 590. 469. Syrus interpres Nov1 9891111101ῑὶ, 945.
-Comici‚ 19. 19. 105. 159. 189. 401. 499.

989. 569. 410411. 497. 455. 489.

m. vid. supro 8110111111111111.

 

