148 INDEX 8501111008

0981ω81111111965ᾱ50959974. 1111111110 48. 5187. 69. 104.
696. [1016.55.109.166.156.166. 119. 161. 164. 180. 186. 999. m
167. 175. 186. 901. m 994 961. 949. 959. Ἣ. 999. m 617. 697.
966. 967. 949. 957. 960. 964. 965. 669. 647. 654. 664. 689414. 411.
111. 414. Sem] 111. 414 441. 441 111. 111.

megene· 1111111, 11. 11. 141. 111. Eutropia, 41141 111. 414
696. 497. vid. mnium

Dionyn‘us 11111111111111111, 19. 91. 98. F
99. 66. 68. 46. 47. 58. 59. 98. 101.

106. 116. 190. 198.,166. 165. 144. 811111,157.581414.

146. 147. 157. 171. 176. 176. 196. 6111111101, 107. 111. 141.

411. 414 441. 441. 411. 411. 411. Furnius, 111.

999. 994. 697. 669. 657. 666. 684. Fam, 919.

418. 466. [51. 66. 89. 109. 199. 169. 111110100815411111,165.146.909. 2⁵·-
150. 157. 916. 915. 965. 964. 974. 1815511149 996. 965687.

998. 607. 691. 668. 659. 459. 501. 6111111101 949.

Scan] Functus. 84.

,01111111811910

1111441141. G

11111111, 44. 11. 114. 111.

Dukefin, 69. 170. 176. 978. 675. 479. Gustum, 69. 189. 491.

Ι0111111111, 95. 66. 68. 79 97. 109. 110. 0111111,5111111,456.

411. 4141144111. 111. 111. 1111111311. 1144111111 acm.)
animm
Β Georgm, 84. 559 485.
01111111, 514.

1111411111,111. 141144. (1111151111ήο 111.

mmm», 981. 1111114111 Geoeg. m 105. 199.
mumulo-,1³2 snm] 198. 451.

’ 11111111, Sext 88. 959. 411. -- 1711181111, 49.

Ennius, 416. 0113111111 Τ11111111111,69. 108. 976.

6111111111, 55188. 909. 694. 414. 0111111111 Corinth. 118. som]

Elignmmn, 31608. scm] ⁹ uui-umus, 557. 676. m

Quin 81111611,117. snm] 4955091945814111

111, 75. 600. 0118811111, 557.

Ernesti, 485. 514. 011111111511111111, 1955707175

[0111111131ωο Μ. 87. 146. 956. 601. -υ-6111.1“’1111.10.110.166. m
Senam] 970. 486

04111811, 54. 01111111, 640480.

8111111111, 947. 8114111.
13¹¹& 76. 11141111
180 15.16.96.66.67.68.41.46.
11. 11. 11. 1111. 14. 11. 1411. nummus, 44.
105.107.110.115.199.196. 198. 111111181ρο1111,65.
169164.140.144.147.151.159. 1111114511,11.44 95. 67. 4955
157160161167. 175174. 177. 71.76.117.196.151.169.1954Μ
lm. 189184. 189190. ma 906. 916. 966. 609494.
9101 911. 996. 997. 999. 966. 959. Hamus mmmm
9551965485. 999..999 608611. 2139& 1Β11111,.185 Suum]
618. 699. 656. 655. 669. 679. 675. 111, 144.
675. 678. 684. 691. 409. 404. 405. 1111111111, 0111. 991. 447. 474.
406. 407. 408. 419. 415. 416. 418. Heliodorus, 91. 90. 176990. 969. 958.
441444441. 441. 414 411 111. 414. 411. 1111111111111
469. 440. 444. 459. 470. 471. 477. 11111898, 85.
441 [1411114111141111.1141118111.
, 177119. 141957. 4811557574. Hermum, 959. som
875. 577. 459. 440 469. 477. 487. 8111111141111144..
4956111411] 1118111111, 8. 98. 6840454547.
8111111111, 908. 811111] · 49. 57. 81. 89. 961 104. 119. 188.

 

